15
0 28 40 34 36 23 15 29 24 30 35 5 37 30 27 
18 0 27 30 25 27 19 16 4 2 22 9 16 9 16 
12 28 0 25 20 27 27 24 12 30 26 17 10 3 11 
22 24 47 0 42 19 11 25 20 26 31 27 36 29 40 
21 20 29 36 0 15 15 21 16 22 6 26 19 12 33 
23 5 32 21 30 0 10 6 1 7 12 14 21 14 21 
27 13 36 29 31 8 0 14 9 15 20 22 25 18 29 
21 17 30 15 35 12 4 0 13 19 6 26 19 12 33 
24 29 42 27 47 24 16 12 0 31 18 29 31 24 45 
16 30 25 39 37 25 17 24 26 0 30 7 14 7 28 
15 14 24 30 36 9 9 15 10 16 0 20 13 6 27 
13 23 46 39 41 18 10 24 19 25 30 0 35 28 39 
2 25 42 36 38 20 17 21 21 27 27 7 0 32 29 
9 32 18 35 30 27 24 28 28 34 34 14 7 0 21 
10 17 13 14 9 16 24 22 17 19 15 15 10 3 0 
